' ' 32 0 0 0 0 8 0 0 0 0
'!' 33 5 21 3 21 11 0 0 0.00488281 0.0205078
'"' 34 11 8 1 21 13 0.00488281 0 0.015625 0.0078125
'#' 35 16 21 0 21 16 0.015625 0 0.03125 0.0205078
'$' 36 15 25 1 23 16 0.03125 0 0.0458984 0.0244141
'%' 37 25 21 1 21 27 0.0458984 0 0.0703125 0.0205078
'&' 38 24 21 1 21 25 0.0703125 0 0.09375 0.0205078
''' 39 4 8 1 21 6 0.09375 0 0.0976562 0.0078125
'(' 40 9 29 1 22 11 0.0976562 0 0.106445 0.0283203
')' 41 9 29 1 22 11 0.106445 0 0.115234 0.0283203
'*' 42 14 12 1 21 16 0.115234 0 0.128906 0.0117188
'+' 43 16 16 1 18 18 0.128906 0 0.144531 0.015625
',' 44 5 8 1 3 8 0.144531 0 0.149414 0.0078125
'-' 45 9 3 1 9 11 0.149414 0 0.158203 0.00292969
'.' 46 4 4 2 4 8 0.158203 0 0.162109 0.00390625
'/' 47 9 21 0 21 9 0.162109 0 0.170898 0.0205078
'0' 48 14 21 1 21 16 0.170898 0 0.18457 0.0205078
'1' 49 13 21 2 21 16 0.18457 0 0.197266 0.0205078
'2' 50 14 21 1 21 16 0.197266 0 0.210938 0.0205078
'3' 51 14 21 1 21 16 0.210938 0 0.224609 0.0205078
'4' 52 16 21 0 21 16 0.224609 0 0.240234 0.0205078
'5' 53 14 21 1 21 16 0.240234 0 0.253906 0.0205078
'6' 54 15 21 1 21 16 0.253906 0 0.268555 0.0205078
'7' 55 14 21 2 21 16 0.268555 0 0.282227 0.0205078
'8' 56 14 21 1 21 16 0.282227 0 0.295898 0.0205078
'9' 57 14 21 1 21 16 0.295898 0 0.30957 0.0205078
':' 58 5 15 2 15 9 0.30957 0 0.314453 0.0146484
';' 59 6 20 1 15 9 0.314453 0 0.320312 0.0195312
'<' 60 16 15 1 18 18 0.320312 0 0.335938 0.0146484
'=' 61 16 8 1 15 18 0.335938 0 0.351562 0.0078125
'>' 62 16 15 1 18 18 0.351562 0 0.367188 0.0146484
'?' 63 12 21 1 21 14 0.367188 0 0.378906 0.0205078
'@' 64 27 27 1 21 29 0.378906 0 0.405273 0.0263672
'A' 65 23 21 0 21 23 0.405273 0 0.427734 0.0205078
'B' 66 20 21 0 21 21 0.427734 0 0.447266 0.0205078
'C' 67 19 21 1 21 21 0.447266 0 0.46582 0.0205078
'D' 68 22 21 0 21 23 0.46582 0 0.487305 0.0205078
'E' 69 18 21 0 21 20 0.487305 0 0.504883 0.0205078
'F' 70 17 21 0 21 18 0.504883 0 0.521484 0.0205078
'G' 71 22 21 1 21 23 0.521484 0 0.542969 0.0205078
'H' 72 23 21 0 21 23 0.542969 0 0.56543 0.0205078
'I' 73 9 21 1 21 11 0.56543 0 0.574219 0.0205078
'J' 74 12 21 0 21 12 0.574219 0 0.585938 0.0205078
'K' 75 23 21 0 21 23 0.585938 0 0.608398 0.0205078
'L' 76 18 21 0 21 20 0.608398 0 0.625977 0.0205078
'M' 77 28 21 0 21 28 0.625977 0 0.65332 0.0205078
'N' 78 23 21 0 21 23 0.65332 0 0.675781 0.0205078
'O' 79 21 21 1 21 23 0.675781 0 0.696289 0.0205078
'P' 80 17 21 0 21 18 0.696289 0 0.712891 0.0205078
'Q' 81 22 26 1 21 23 0.712891 0 0.734375 0.0253906
'R' 82 22 21 0 21 21 0.734375 0 0.755859 0.0205078
'S' 83 14 21 2 21 18 0.755859 0 0.769531 0.0205078
'T' 84 20 21 0 21 20 0.769531 0 0.789062 0.0205078
'U' 85 23 21 0 21 23 0.789062 0 0.811523 0.0205078
'V' 86 23 21 0 21 23 0.811523 0 0.833984 0.0205078
'W' 87 31 21 0 21 30 0.833984 0 0.864258 0.0205078
'X' 88 23 21 0 21 23 0.864258 0 0.886719 0.0205078
'Y' 89 23 21 0 21 23 0.886719 0 0.90918 0.0205078
'Z' 90 17 21 1 21 20 0.90918 0 0.925781 0.0205078
'[' 91 8 26 2 22 11 0.925781 0 0.933594 0.0253906
'\' 92 9 21 0 21 9 0.933594 0 0.942383 0.0205078
']' 93 8 26 1 22 11 0.942383 0 0.950195 0.0253906
'^' 94 15 15 0 21 15 0.950195 0 0.964844 0.0146484
'_' 95 18 2 -1 -3 16 0.964844 0 0.982422 0.00195312
'`' 96 8 5 1 22 11 0.982422 0 0.990234 0.00488281
'a' 97 13 15 1 15 14 0 0.0283203 0.0126953 0.0429688
'b' 98 15 22 0 22 16 0.0126953 0.0283203 0.0273438 0.0498047
'c' 99 13 15 1 15 14 0.0273438 0.0283203 0.0400391 0.0429688
'd' 100 15 22 1 22 16 0.0400391 0.0283203 0.0546875 0.0498047
'e' 101 13 15 1 15 14 0.0546875 0.0283203 0.0673828 0.0429688
'f' 102 11 22 0 22 11 0.0673828 0.0283203 0.078125 0.0498047
'g' 103 15 24 1 17 16 0.078125 0.0283203 0.0927734 0.0517578
'h' 104 16 22 0 22 16 0.0927734 0.0283203 0.108398 0.0498047
'i' 105 9 22 0 22 9 0.108398 0.0283203 0.117188 0.0498047
'j' 106 8 29 -1 22 9 0.117188 0.0283203 0.125 0.0566406
'k' 107 16 22 0 22 16 0.125 0.0283203 0.140625 0.0498047
'l' 108 9 22 0 22 9 0.140625 0.0283203 0.149414 0.0498047
'm' 109 25 15 0 15 25 0.149414 0.0283203 0.173828 0.0429688
'n' 110 16 15 0 15 16 0.173828 0.0283203 0.189453 0.0429688
'o' 111 14 15 1 15 16 0.189453 0.0283203 0.203125 0.0429688
'p' 112 15 22 0 15 16 0.203125 0.0283203 0.217773 0.0498047
'q' 113 15 23 1 16 16 0.217773 0.0283203 0.232422 0.0507812
'r' 114 11 15 0 15 11 0.232422 0.0283203 0.243164 0.0429688
's' 115 11 15 1 15 12 0.243164 0.0283203 0.253906 0.0429688
't' 116 9 19 0 19 9 0.253906 0.0283203 0.262695 0.046875
'u' 117 16 15 0 15 16 0.262695 0.0283203 0.27832 0.0429688
'v' 118 16 15 0 15 16 0.27832 0.0283203 0.293945 0.0429688
'w' 119 23 15 0 15 23 0.293945 0.0283203 0.316406 0.0429688
'x' 120 16 15 0 15 16 0.316406 0.0283203 0.332031 0.0429688
'y' 121 16 22 0 15 16 0.332031 0.0283203 0.347656 0.0498047
'z' 122 14 15 0 15 14 0.347656 0.0283203 0.361328 0.0429688
'{' 123 11 26 2 22 15 0.361328 0.0283203 0.37207 0.0537109
'|' 124 2 29 2 22 6 0.37207 0.0283203 0.374023 0.0566406
'}' 125 11 26 2 22 15 0.374023 0.0283203 0.384766 0.0537109
'~' 126 17 5 0 13 17 0.384766 0.0283203 0.401367 0.0332031
